********Random Walk********
5,4, 
1,-1,-1,1,1, 
1,0,3,4,1, 
1,0,2,2,1, 
1,1,1,1,1, 
 
(2,left) 
 
5,4, 
1,-1,-1,1,1, 
1,0,3,4,1, 
1,2,2,0,1, 
1,1,1,1,1, 
 
(3,left) 
 
5,4, 
1,-1,-1,1,1, 
1,3,0,4,1, 
1,2,2,0,1, 
1,1,1,1,1, 
 
(2,right) 
 
5,4, 
1,-1,-1,1,1, 
1,3,0,4,1, 
1,0,2,2,1, 
1,1,1,1,1, 
 
********BFS********
(3,down) 
(2,left) 
(3,down) 
(5,up) 
(4,right) 
(2,down) 
(5,left) 
(4,up) 
(2,right) 
(3,up) 
(3,up) 
(2,left) 
(7,up) 
(6,right) 
(2,down) 
(2,left) 
5,5, 
1,1,1,1,1, 
1,3,5,4,1, 
1,0,0,7,1, 
2,2,0,6,1, 
1,1,1,1,1, 
 
110 0.028858 16
 
********DFS********
(6,left) 
(7,left) 
(6,up) 
(7,left) 
(5,down) 
(4,down) 
(2,down) 
(3,right) 
(6,up) 
(7,up) 
(4,left) 
(5,left) 
(3,right) 
(6,right) 
(5,right) 
(4,right) 
(7,down) 
(2,left) 
(5,up) 
(4,right) 
(7,right) 
(6,left) 
(3,left) 
(7,left) 
(5,up) 
(4,up) 
(7,right) 
(7,right) 
(2,down) 
(2,left) 
5,5, 
1,1,1,1,1, 
1,6,3,5,1, 
1,0,0,4,1, 
2,2,0,7,1, 
1,1,1,1,1, 
 
60 0.007324 30
 
********IDS********
(6,left) 
(7,left) 
(6,up) 
(7,left) 
(5,down) 
(4,down) 
(2,down) 
(3,right) 
(6,up) 
(7,up) 
(4,left) 
(5,left) 
(3,right) 
(6,right) 
(5,right) 
(4,right) 
(7,up) 
(2,left) 
(5,up) 
(4,right) 
(2,down) 
(2,left) 
5,5, 
1,1,1,1,1, 
1,7,6,3,1, 
1,0,0,5,1, 
2,2,0,4,1, 
1,1,1,1,1, 
 
72 0.009584 22
 
